-0.000150476
-0.000175461
-0.00019804
-0.000590756
-0.000592805
-0.000635032
-0.000740391
-0.0007977
-0.000938854
-0.000945787
-0.000970166
-0.000992698
-0.00116082
-0.00124274
-0.00142936
-0.00145685
-0.0016418
-0.00169732
-0.0017126
-0.00199884
-0.00203796
-0.00231128
-0.00241195
-0.00250819
-0.00253842
-0.00254155
-0.00264776
-0.00266553
-0.00269966
-0.00276284
-0.00295356
-0.0030039
-0.00309785
-0.00317907
-0.00324025
-0.00331261
-0.00346788
-0.00353116
-0.00385051
-0.0038912
-0.00395432
-0.00403499
-0.00417639
-0.00426079
-0.00435669
-0.00438047
-0.00439173
-0.00439303
-0.00447617
-0.00460348
-0.00470417
-0.00480641
-0.00482349
-0.00487996
-0.00501888
-0.00536106
-0.00548796
-0.00563562
-0.00570646
-0.00582911
-0.00603976
-0.0063716
-0.00657055
-0.00657265
-0.00718627
-0.00736461
-0.00752488
-0.00757618
-0.00776166
-0.0078108
-0.00783471
-0.00790311
-0.00817939
-0.00820645
-0.00830354
-0.00907297
-0.00909275
-0.00919467
-0.0092027
-0.0095351
-0.00964591
-0.00964916
-0.00968543
-0.00976222
-0.00988157
-0.00990901
-0.00995186
-0.0100547
-0.0100663
-0.0100843
-0.0100992
-0.0101915
-0.0103635
-0.0104231
-0.0104295
-0.0112659
-0.01132
-0.0113661
-0.0114706
-0.0115591
-0.0115725
-0.0116156
-0.0117561
-0.012017
-0.0120389
-0.0124642
-0.0125945
-0.0126005
-0.0126237
-0.0129451
-0.0129612
-0.0133544
-0.0137446
-0.014057
-0.014061
-0.0141738
-0.0143459
-0.0144791
-0.0146625
-0.0146916
-0.0148457
-0.0150348
-0.0151701
-0.0151799
-0.015226
-0.0152541
-0.0154269
-0.0155232
-0.0155835
-0.0159085
-0.0159996
-0.0162431
-0.0163402
-0.0163418
-0.0165073
-0.0165124
-0.0165686
-0.0175407
-0.0175491
-0.0175631
-0.017685
-0.0185674
-0.0186681
-0.0187163
-0.0189969
-0.0190459
-0.0194505
-0.0198176
-0.0199119
-0.0199527
-0.0201854
-0.0203142
-0.0207195
-0.0207953
-0.0213133
-0.0214217
-0.0217207
-0.0220438
-0.022185
-0.022408
-0.0226545
-0.0226743
-0.0227611
-0.0228067
-0.0229995
-0.023013
-0.0236485
-0.0244623
-0.0246644
-0.0248377
-0.0249444
-0.0254596
-0.0257957
-0.0262171
-0.0262356
-0.0263758
-0.0267112
-0.0267495
-0.0284065
-0.0289059
-0.0295883
-0.0296937
-0.0301288
-0.0306838
-0.0308513
-0.0322244
-0.0326399
-0.0333992
-0.0334826
-0.0334905
-0.0344157
-0.0345357
-0.0352
-0.035548
-0.0358712
-0.0367832
-0.0368208
-0.0368913
-0.0369926
-0.0372275
-0.03749
-0.0386851
-0.039046
-0.0391201
-0.039215
-0.0392886
-0.0404759
-0.0408047
-0.0414135
-0.0415215
-0.0416617
-0.0416758
-0.0441815
-0.0443659
-0.0450595
-0.0457105
-0.0459797
-0.0474049
-0.04888
-0.0489284
-0.0498888
-0.0499247
-0.0502288
-0.0502843
-0.0507791
-0.0509242
-0.0516594
-0.0517386
-0.0538499
-0.0544126
-0.0555372
-0.0572834
-0.0579843
-0.0585484
-0.0643209
-0.0647297
-0.0661098
-0.0683528
-0.0699116
-0.0735888
-0.0797791
-0.0826867
-0.0877508
-0.0890676
-0.0923386
-0.0937742
-0.110687
-0.116418
-0.120419
-7.34016e-05
0
0
0.000146256
0.000253449
0.000265645
0.000286403
0.000292145
0.000297489
0.000297489
0.000299724
0.000335671
0.000340328
0.000406426
0.000585974
0.000612647
0.000680869
0.000736458
0.000746218
0.000800502
0.000870734
0.000878704
0.00094164
0.000972328
0.0012011
0.00126579
0.00134808
0.00171651
0.00181625
0.00186458
0.0022492
0.00226922
0.0022917
0.00233533
0.00234149
0.00252888
0.00256919
0.00258293
0.00265873
0.00267216
0.00270419
0.00286061
0.00286646
0.00288273
0.00290542
0.00295156
0.00295761
0.00311195
0.00314522
0.00315609
0.00317695
